1.2e+09,
1.206e+09,
1.212e+09,
1.218e+09,
1.224e+09,
1.23e+09,
1.236e+09,
1.242e+09,
1.248e+09,
1.254e+09,
1.26e+09,
1.266e+09,
1.272e+09,
1.278e+09,
1.284e+09,
1.29e+09,
1.296e+09,
1.302e+09,
1.308e+09,
1.314e+09,
1.32e+09,
1.326e+09,
1.332e+09,
1.338e+09,
1.344e+09,
1.35e+09,
1.356e+09,
1.362e+09,
1.368e+09,
1.374e+09,
1.38e+09,
1.386e+09,
1.392e+09,
1.398e+09,
1.404e+09,
1.41e+09,
1.416e+09,
1.422e+09,
1.428e+09,
1.434e+09,
1.44e+09,
1.446e+09,
1.452e+09,
1.458e+09,
1.464e+09,
1.47e+09,
1.476e+09,
1.482e+09,
1.488e+09,
1.494e+09,

